4.652095
-0.612545
1.117090
-4.410545
4.156994
-0.635779
5.239856
-2.791200
3.127351
-3.244193
3.582303
-0.564660
2.322123
-3.180307
6.886373
-1.711888
5.850150
0.466253
2.772578
-3.213540
1.316329
-1.177019
3.261118
-1.447831
4.933483
-3.671996
1.971425
-1.506942
7.039732
-0.567324
0.223942
-0.784841
0.445020
-3.202757
3.684059
-0.924565
4.383340
-1.152199
5.592240
-1.752314
2.230949
-2.301151
4.164343
-2.757743
4.354653
-2.446132
3.600614
-0.699218
2.104641
-2.979248
1.224497
-2.702555
3.743465
-2.506538
1.501265
-3.722665
1.361415
-1.225179
4.938329
-1.985353
2.625213
-1.763256
6.875333
-0.983854
2.989546
-0.947473
0.810435
-1.334774
0.032108
-2.346624
1.946131
-3.016696
2.042867
-1.513041
2.910002
-0.946490
0.819808
-0.911965
2.715008
-0.023920
1.761880
-0.428278
1.527493
-4.037009
0.561476
-3.057604
0.589265
0.466253
1.187917
-1.468616
1.350595
-1.021492
2.564013
-0.786641
0.707111
-0.264388
1.142087
-0.267722
3.144742
-0.568345
1.200593
-2.371493
0.974065
-2.160753
1.650426
-1.122832
3.400624
-3.075868
2.525356
-2.301608
0.944898
-1.059727
1.640812
-2.389539
1.536894
-1.731938
2.846618
-1.323099
2.502396
-1.825946
3.065670
-1.189276
2.675744
-1.818681
1.970375
-3.259676
0.929638
-0.639362
0.814988
-4.247091
1.367289
-2.402544
1.414326
-1.807600
0.704700
-2.536566
0.749894
-1.685069
1.656435
-2.171672
0.490493
-2.660407
1.236555
-3.636100
7.747349
-0.498904
2.468325
-2.584723
1.976682
-2.991347
0.402218
-2.120619
1.096761
-1.174227
2.842401
-1.640256
1.885199
-1.310368
1.415590
-0.551916
1.688054
-2.183389
1.868119
-1.595071
3.081066
-1.724541
3.438012
-1.530268
2.046476
-0.401067
4.809869
-2.329595
1.129632
-2.585635
1.986829
-1.742601
1.057791
0.466253
1.548995
-2.975846
2.073302
-1.466813
-0.263750
-1.818111
4.145651
-1.212859
3.527471
-1.779429
2.084818
-0.659246
2.711810
-3.480518
0.872528
-1.294390
2.332569
-0.816840
2.544164
-1.536988
1.596469
-3.087666
3.953254
-1.600734
2.974345
-4.149294
2.933381
-1.972553
2.983726
-1.978470
1.420373
-0.651956
4.351496
-2.822939
0.872382
-1.555864
-0.493100
-1.241107
0.209580
-4.291449
3.040162
-1.825292
0.859935
-0.704285
3.058705
-3.321808
4.917257
-1.615450
1.327933
0.319325
0.802820
-4.140956
2.691931
-3.339257
3.158282
-8.003218
0.965215
-4.105758
0.625504
-2.487853
1.584718
-2.234280
3.580482
-3.241719
0.609320
-0.314099
1.921804
-3.005482
3.630153
-1.518210
2.895802
-0.886920
0.427867
-1.778401
2.667831
-2.021569
1.204614
-2.959952
2.325067
-2.249176
1.998691
-1.822803
0.833227
-1.590863
1.923016
-2.002465
2.588519
-1.534171
2.058502
-2.157795
-0.587318
-2.700479
0.606015
-3.015234
2.994427
-0.820113
4.017453
-6.490456
3.272813
-2.739727
3.127419
-1.794126
3.416089
-1.577774
0.286244
-3.513709
1.013758
-0.674490
0.260553
-1.088425
0.736302
-1.487246
2.530013
-3.374251
0.381906
-2.880998
3.809537
-0.181787
2.441697
-3.234547
1.043534
-1.543203
2.744944
-3.105926
1.738954
-1.055361
1.833063
-4.720872
2.467352
-4.729495
3.575210
-3.324539
1.460057
-3.041666
3.602154
-1.910846
1.951552
-1.758476
1.813507
-2.266672
1.563713
-0.491345
1.224497
-4.551175
4.396823
-1.545296
0.779461
-2.812353
0.647849
-5.971382
0.865611
-1.278414
2.434399
-1.677235
2.796346
-1.244819
3.519498
-2.786827
0.520055
-1.324193
3.588801
-5.461100
3.611578
-1.300767
0.578428
-1.714507
1.657442
-2.639041
2.909232
-1.183956
0.527918
-1.191812
3.497105
-4.342870
1.482986
-1.456776
1.807774
-0.928765
1.715138
-1.295708
1.077660
-0.575967
4.197247
-2.864074
3.339950
-5.268624
0.466253
-3.659067
1.027574
-3.799397
1.138771
-0.838120
1.852547
-0.831232
1.993338
-2.649652
2.849493
-3.943855
2.928612
-3.276051
0.747118
-0.683833
1.884341
-2.074382
0.230842
-2.505903
3.817061
-0.610890
1.016361
-1.561596
2.736564
0.466253
1.079947
-1.461643
0.466253
-2.607194
1.279305
-1.731445
2.901753
-1.051485
3.014735
-3.606169
0.619684
-1.750335
2.590332
-1.649555
1.230648
-2.761428
-0.889503
-3.984881
2.407235
-1.849956
3.147036
-3.867985
3.829964
-2.988361
3.310938
-0.441271
0.635330
-1.770446
-0.442303
-7.175797
0.525966
-2.060941
-0.140418
-2.644795
2.398834
-1.655729
1.426417
-3.596443
1.915940
-2.849765
3.129906
-2.695891
1.899393
-2.574002
3.149013
-1.636589
5.385437
-1.767722
2.018142
-1.093682
3.885382
0.019102
4.867735
-1.543771
1.107836
-2.132693
1.111413
-2.267559
1.743096
-1.069667
2.503110
-3.546580
1.857306
-2.038901
3.866990
-2.034750
2.462632
-3.749731
2.074193
-6.345817
1.953137
-0.059335
1.595701
-0.514288
1.933858
-1.703042
3.788150
-0.522635
0.510127
-1.537621
1.864894
-1.686313
2.050870
0.574143
1.576596
-1.196690
2.038633
-2.424171
4.327204
-3.146453
1.559539
-2.992951
1.605333
-0.483988
2.545242
-2.073570
2.310068
-1.758636
2.876067
-3.297859
1.398252
-6.337641
2.928940
-3.731292
1.365539
-2.952400
2.068404
0.466253
2.013341
-2.685998
4.281737
0.466253
2.462162
-0.517876
1.685370
-1.029074
5.045099
-1.466829
2.217998
-2.086106
1.247420
-0.680983
0.615842
-4.627661
1.005678
-0.869375
2.063807
-4.189806
