4.579415
-0.525940
1.058429
-4.226583
3.429067
-0.605110
4.459376
-2.424223
2.574500
-2.885909
3.072201
-0.534110
2.060833
-2.998016
6.442874
-1.505515
5.634609
0.427337
2.351993
-2.893465
1.229858
-1.069025
3.014392
-1.512843
4.646142
-3.535307
1.817151
-1.483321
6.684702
-0.474529
0.056231
-0.840963
0.376110
-2.800051
3.524242
-0.971397
4.161262
-1.054839
5.568041
-1.451888
2.030652
-2.015339
3.667256
-2.741463
4.144657
-2.213787
3.306093
-0.653338
2.103420
-2.792473
1.035910
-2.720387
3.347979
-2.283824
1.346628
-3.511647
1.154545
-1.168254
4.535001
-1.684808
2.408218
-1.592811
6.626855
-1.012032
2.738912
-0.597697
0.723421
-1.172200
-0.070742
-2.231766
1.939757
-2.895559
1.957113
-1.451738
2.342157
-0.968550
0.569560
-0.790157
2.300763
0.155778
1.614726
-0.484466
1.385583
-3.887414
0.480458
-2.376848
0.596045
0.427337
1.100013
-1.411950
1.377007
-0.954549
1.950343
-0.753168
0.562516
-0.176828
0.963294
-0.432650
3.040276
-0.380335
0.963821
-1.997982
0.863688
-2.082843
1.560591
-1.008690
3.004062
-2.853541
1.978129
-2.292488
0.814060
-0.805582
1.562919
-2.133251
1.379270
-1.489131
2.505198
-1.032624
1.895838
-1.633900
2.681020
-1.073720
2.256265
-1.560076
1.490326
-2.894758
0.552414
-0.414041
0.761894
-3.910790
1.067734
-2.192552
1.337686
-1.576601
0.488842
-2.253939
0.764298
-1.393430
1.269963
-1.932525
0.361116
-2.400587
1.256568
-3.252589
7.630905
-0.364322
1.990490
-2.356045
1.782456
-2.777730
0.325929
-1.916626
0.858931
-0.970348
2.552552
-1.480707
1.591361
-1.201692
1.221399
-0.570017
1.466956
-1.727200
1.605650
-1.297342
3.052069
-1.612386
3.068236
-1.367366
1.726825
-0.429557
4.641464
-1.635078
0.971190
-2.382352
1.819129
-1.759046
0.836744
0.427337
1.425816
-2.782434
1.745082
-1.327374
0.250386
-1.717828
3.748597
-1.071573
3.137081
-1.648780
1.976448
-0.407711
2.287015
-3.377979
0.762201
-1.155799
2.067603
-0.717472
2.200012
-1.289093
1.635702
-2.509474
3.573266
-1.180591
2.867064
-3.870982
2.650948
-1.930353
2.775357
-1.508330
1.286407
-0.482864
4.104391
-2.605360
0.701915
-1.338286
-0.425641
-0.976501
0.073885
-3.771725
2.734190
-1.502599
0.732980
-0.622993
2.981241
-3.009119
4.305434
-1.528368
1.105662
0.140140
0.654795
-3.656214
2.376019
-3.265043
2.732872
-7.024117
0.844129
-3.804680
0.282541
-1.515533
1.482828
-2.079558
3.195019
-2.709509
0.478479
-0.230668
1.753059
-2.909168
3.530820
-1.473835
2.571980
-0.931392
0.273798
-1.840982
2.425042
-1.723775
0.940075
-2.539145
1.902276
-1.967826
1.536772
-1.548557
0.729102
-1.382071
1.646555
-1.701673
2.185351
-1.426296
1.890820
-1.850244
-0.750016
-2.576826
0.463992
-2.900380
2.657707
-0.719240
3.851701
-5.984481
3.076596
-2.339344
2.836628
-1.387288
2.931860
-1.217323
0.245538
-2.975379
0.984162
-0.565294
0.284297
-0.751182
0.648172
-1.366785
2.204826
-3.033331
0.319266
-2.824980
3.521466
-0.271481
1.902847
-2.959162
0.887611
-1.218641
2.566625
-2.407878
1.589880
-1.077030
1.617377
-4.033701
2.230726
-4.174865
3.230001
-3.038711
1.295793
-2.669998
3.362351
-1.813328
1.742579
-1.607592
1.689997
-2.025781
1.511237
-0.573019
1.035910
-3.902928
4.455788
-1.400075
0.695754
-2.384795
0.528229
-5.231888
0.793857
-1.155837
2.431005
-1.231890
2.877262
-1.025635
3.105206
-2.399522
0.504993
-1.164875
3.234778
-4.976638
3.495248
-1.229039
0.745515
-1.731620
1.514163
-2.381139
2.456545
-1.119519
0.288739
-1.003509
3.488939
-4.088036
1.225279
-1.322744
1.478089
-0.832229
1.567246
-0.958995
1.075165
-0.506508
4.069141
-2.422501
2.898287
-4.901128
0.427337
-3.652380
0.994211
-3.260121
0.974858
-0.771236
1.652838
-0.747735
1.977447
-2.466730
2.453494
-3.817544
2.795384
-2.882354
0.530254
-0.646347
1.641230
-1.767753
-0.018444
-2.104191
3.538922
-0.481237
0.880451
-1.371685
2.463962
0.427337
0.674731
-1.409492
0.427337
-2.279183
1.063182
-1.661572
2.669734
-0.857279
2.432078
-3.317573
0.297189
-1.399722
2.224834
-1.902313
0.934609
-2.418448
-0.701358
-3.820061
1.600296
-1.754281
2.869994
-3.553058
3.471247
-2.829229
3.136879
-0.368471
0.733824
-1.963740
-0.545510
-6.597421
0.406587
-2.003328
-0.090898
-2.444042
2.185417
-1.531709
0.946706
-3.434412
1.762103
-2.608486
3.103885
-2.279491
1.478754
-2.299136
3.211913
-1.572176
5.726230
-1.629286
1.754542
-1.186338
3.682697
-0.100411
4.666934
-1.400800
1.018456
-1.986265
1.024590
-1.785428
1.456462
-0.985461
2.420193
-3.063505
1.628420
-1.732168
3.565909
-1.534580
1.968448
-3.138826
1.883108
-5.933468
1.692150
0.010278
1.359508
-0.332461
1.759082
-1.652867
3.722737
-0.449302
0.412881
-1.656906
1.902038
-1.417419
1.765654
0.447579
1.663552
-1.253424
1.775686
-2.108309
4.107092
-2.837447
1.361859
-2.738790
1.491298
-0.376627
2.239893
-1.744000
2.179798
-1.552675
2.340763
-2.862103
1.223136
-5.922879
2.627269
-3.516382
1.205347
-2.902184
1.823878
0.427337
1.790576
-2.311880
4.011603
0.427337
2.307793
-0.629698
1.492099
-1.031433
4.198487
-1.572744
1.960177
-1.951288
1.187643
-0.869235
0.435654
-4.603026
0.796103
-0.794230
1.781897
-3.634020
