3.312117
-0.499348
1.185914
-3.648164
2.330092
-0.472455
2.916820
-1.934773
1.849014
-2.190783
2.430161
-0.162508
1.693786
-2.026931
4.816320
-1.034166
4.702295
0.370854
1.965699
-2.527581
0.629636
-0.881292
2.480472
-0.903677
3.467682
-2.825927
1.487100
-0.996673
5.371676
-0.135408
0.023532
-0.270086
0.178165
-1.972996
2.736231
-1.080925
3.476286
-0.742902
4.369362
-1.864023
1.790972
-1.554474
2.370332
-1.979127
3.544398
-1.288500
2.790942
-0.376722
1.732311
-1.967338
0.792781
-2.035063
2.602464
-2.007201
1.127954
-3.493699
0.899778
-0.766679
3.782622
-1.408296
1.809477
-0.973397
5.391276
-0.577242
2.005625
-0.930401
0.568414
-0.980030
-0.140742
-1.506287
1.586843
-2.648906
1.288971
-1.029723
1.857902
-0.655161
0.148368
-0.440585
1.672424
0.261214
1.258169
-0.325826
1.044416
-3.151343
0.256204
-2.556636
0.574122
0.370854
0.762530
-1.090137
1.090061
-0.455466
1.446773
-0.727309
0.632201
-0.232316
0.762236
-0.049357
1.894116
-0.121164
0.638891
-1.682871
0.507635
-1.523356
0.989691
-0.914481
2.462356
-2.188793
1.359133
-1.670181
0.685323
-0.259367
1.013047
-1.495335
0.769754
-0.904918
1.458562
-1.033703
0.882121
-0.817513
2.035933
-0.762281
1.300211
-1.070115
0.648320
-2.018172
0.466256
-0.221349
0.715997
-3.000947
0.768713
-1.362248
0.972277
-2.218819
0.255580
-1.878592
0.705620
-1.155264
0.876802
-1.254196
0.105310
-2.292965
0.965232
-2.568751
6.481359
-0.220179
1.285094
-2.040208
1.209683
-2.693053
0.323438
-1.256339
0.438053
-0.822839
2.034759
-0.898531
1.329973
-0.828867
0.830966
-0.366241
1.051672
-1.258730
1.000272
-1.002671
2.045351
-1.277268
2.124270
-0.928706
1.328285
-0.253451
3.619476
-2.474865
0.722432
-1.831678
1.503488
-1.391595
0.630256
0.370854
0.925787
-1.848504
1.384740
-1.012085
0.133465
-1.470684
2.982869
-0.945433
1.964910
-1.694638
1.268718
-0.172967
1.788683
-2.542936
0.689164
-0.788206
1.447302
-0.654934
1.531986
-0.852776
0.916244
-2.105821
3.138452
-0.795826
2.154233
-3.257114
1.988043
-1.527424
2.253427
-1.360408
0.864680
-0.786766
3.347744
-1.779666
0.616121
-0.920224
-0.254045
-1.177445
-0.125992
-3.745306
2.139967
-0.740685
0.408402
-0.428811
2.396197
-1.768606
3.176401
-0.926600
0.825272
0.269503
0.410222
-3.068191
1.762138
-2.971233
1.972546
-6.268241
0.709908
-3.144788
-0.064388
-1.372453
1.142788
-1.312437
2.468060
-1.586669
-0.193975
-0.145264
1.379962
-2.208604
2.886208
-1.047986
2.094173
-0.550511
0.586450
-1.686278
1.682576
-1.274140
0.286801
-1.940804
0.854737
-1.243581
1.295454
-1.540819
0.605000
-1.121454
1.475130
-1.370211
1.228751
-0.906184
1.694384
-1.140409
-0.839671
-1.861642
0.060893
-2.210075
1.650202
-0.622023
2.239583
-5.013981
2.424443
-2.282448
2.435580
-1.323957
2.520238
-0.919625
0.087856
-3.071115
0.859639
-0.323496
0.425991
-0.877032
0.546952
-1.278158
1.714043
-2.771832
0.175329
-2.106360
2.994257
-0.253877
1.076364
-2.435322
0.817484
-0.831735
2.169805
-2.720282
1.212708
-1.400037
1.386804
-3.820596
1.471485
-3.089011
2.783342
-2.655546
0.765157
-2.002971
2.888849
-1.221518
1.296060
-1.143120
1.164479
-2.417653
1.232022
-0.354035
0.792781
-2.778198
4.484921
-1.168450
0.593874
-2.269856
0.554857
-4.847579
0.569251
-1.081551
2.155979
-1.173917
2.478790
-0.724664
2.353707
-1.737420
0.476577
-0.766762
2.298307
-3.539296
2.920966
-0.910648
0.386383
-1.024660
1.194846
-1.914020
1.213435
-0.834915
0.139380
-0.574794
2.988001
-2.785492
0.910305
-0.839891
0.929319
-0.557859
1.221400
-0.911538
1.033710
-0.552428
2.403202
-2.245064
1.998564
-4.220541
0.370854
-2.408331
0.756054
-2.796636
0.837648
-0.605283
1.299796
-0.466484
1.620937
-1.881358
1.664846
-3.122293
2.099549
-2.337654
0.367851
-0.416513
1.366438
-1.845903
-0.057567
-1.564135
2.413726
-0.408597
0.668639
-0.911804
2.059182
0.370854
0.481621
-1.095264
0.370854
-1.367936
0.922201
-1.154853
2.154211
-0.556650
1.725758
-2.415500
0.357662
-2.091146
1.617988
-1.706249
0.753362
-1.876250
-0.821584
-2.832861
0.837074
-1.347309
2.463825
-3.128603
2.937370
-2.026725
2.634998
-0.703641
0.509057
-1.771468
-0.850592
-5.390131
0.357718
-1.412353
0.334869
-2.189910
1.231454
-1.167919
0.204350
-2.972265
1.367176
-2.477699
2.654204
-1.682614
0.521738
-1.559729
2.998007
-1.348997
4.289730
-1.093685
1.386298
-0.694977
2.841462
-0.230503
3.559293
-0.927298
0.784133
-1.384587
1.054802
-1.351984
1.105892
-0.920085
2.228172
-2.484909
1.418892
-1.514832
2.554730
-1.345798
1.443335
-2.812125
1.433511
-5.329709
1.390013
0.064918
1.172744
-0.571295
1.344789
-1.134852
3.121486
-0.418006
0.387600
-1.479004
0.928686
-2.031773
1.301500
0.387995
1.093706
-0.924141
1.384392
-1.558736
2.346583
-1.907465
0.990549
-2.016176
1.167310
-0.345023
1.536966
-1.080985
1.097827
-1.286190
1.999524
-2.747414
0.937580
-4.906852
2.007788
-2.429772
0.923857
-2.020732
1.256562
0.370854
1.399018
-2.383674
3.284416
0.370854
1.747892
-0.829311
1.285514
-1.638580
1.644703
-1.372608
1.781128
-1.655380
0.819931
-1.008182
0.401993
-4.256983
0.589784
-0.577459
0.991930
-3.367027
