4.916483
-1.068514
1.647692
-4.634862
4.535362
-1.143859
5.652164
-3.718597
2.760423
-4.432652
4.797947
-0.620371
2.782336
-4.720493
7.111030
-2.384593
6.175553
0.681920
3.015889
-3.624882
0.678111
-2.136134
4.543152
-2.092178
5.796275
-3.368621
2.636915
-2.009525
7.224154
-0.939028
0.049643
-0.992537
0.955956
-3.742406
3.685542
-1.388142
4.494061
-1.332469
5.292188
-1.945087
2.372082
-3.020434
6.572472
-2.050200
4.122272
-3.284261
4.547565
-0.754272
2.291034
-3.315489
1.327013
-3.555528
4.331160
-3.021021
1.760536
-4.845351
1.855044
-2.092621
5.507398
-2.440293
4.015773
-2.066607
6.564728
-1.461637
4.333111
-1.350074
0.567204
-1.702629
-0.169951
-3.581467
2.112837
-3.941088
3.677504
-2.344886
3.106746
-1.243938
1.541100
-1.428201
3.765504
-0.230352
2.574047
-0.788102
2.539679
-4.090117
0.732001
-3.755692
1.573165
0.681920
1.734689
-1.545236
1.192084
-1.277711
3.442746
-0.857867
1.204054
-0.108934
1.059009
-0.267778
4.056070
-0.635808
1.971545
-3.480967
1.094311
-2.664147
2.656692
-1.042481
3.505937
-3.343448
3.782797
-3.822908
1.810202
-1.117383
1.379470
-3.049914
1.913085
-1.669405
4.969155
-1.733641
3.620285
-1.706081
4.405073
-1.460556
3.669247
-2.014945
3.094132
-4.383522
1.308687
-0.681864
1.317275
-6.219441
1.842219
-2.929178
1.919171
-2.988292
1.016880
-2.868260
1.569855
-2.535290
2.240494
-3.627373
0.526999
-3.437610
2.294792
-3.911888
8.525930
-0.388394
2.809196
-3.527668
3.602305
-2.366896
0.608651
-3.236758
1.760914
-1.536236
3.170655
-2.671162
2.968457
-1.163512
1.804908
-0.850648
2.786141
-2.451610
2.401083
-2.669868
3.175565
-2.781841
3.753064
-2.346213
2.934854
-0.231832
5.141329
-4.045346
1.696351
-3.068132
2.722689
-2.373747
1.631962
0.681920
1.398349
-3.769147
2.403836
-2.181360
-0.582449
-2.799925
4.903561
-1.386502
3.691402
-1.307700
2.278631
-1.530234
3.508271
-2.907527
0.771954
-1.962684
1.755898
-0.365558
3.450568
-2.346293
2.935048
-4.760217
3.918084
-2.550425
3.424641
-5.911181
2.645289
-3.348990
3.915036
-2.888949
1.819521
-1.317226
5.271912
-4.201305
1.248582
-2.413179
0.181360
-1.883804
0.428190
-4.996798
3.774086
-2.845951
1.015630
-1.077229
2.659669
-3.874767
5.754179
-2.687478
1.970361
0.734037
1.182374
-5.585219
3.122871
-4.265965
4.036340
-9.055966
1.637047
-4.584548
1.196844
-2.589089
2.128759
-2.442511
3.933171
-3.832335
0.067721
-0.550023
2.395568
-3.376166
4.015716
-1.485419
3.706804
-1.141977
0.560606
-2.148904
4.330924
-2.797044
1.894667
-4.069685
2.962518
-3.347996
3.368675
-2.503055
1.317175
-2.329775
2.494302
-3.014084
3.463581
-1.663046
2.288694
-2.934018
-0.759243
-2.915974
1.665684
-3.523523
3.876464
-1.476883
3.700937
-7.024204
4.602116
-4.365260
3.740266
-3.096145
4.011048
-2.554903
0.663861
-4.726409
1.277823
-1.181536
1.410933
-0.846136
0.825455
-2.712216
3.057336
-5.274653
0.752578
-4.545292
3.949336
-0.339237
3.153429
-4.074034
1.120091
-2.551925
3.309071
-3.458631
2.971707
-1.417834
2.457155
-5.760788
3.628967
-5.492060
3.654685
-5.575704
1.938859
-3.278833
3.691345
-3.172930
3.848502
-2.304023
3.539340
-3.358968
1.958834
-1.089715
1.327013
-4.253765
3.927146
-1.464386
1.251487
-4.099458
0.796257
-7.202464
1.828968
-0.905367
2.014091
-2.481592
2.212138
-1.473181
4.858994
-4.170844
0.866608
-1.155422
5.029382
-7.971429
4.007644
-2.081242
0.697380
-2.092635
2.167835
-2.228830
3.131157
-1.536860
0.797266
-1.470451
2.633818
-4.253659
2.171142
-2.415101
2.081624
-1.238100
1.694614
-2.410025
2.244670
-0.763951
3.661215
-4.003842
3.536224
-7.709689
0.681920
-4.756521
1.672683
-4.574229
1.120584
-1.022492
2.257945
-1.519561
2.495458
-3.431867
2.966451
-3.339517
2.739654
-4.306834
1.773480
-0.898369
2.705281
-2.952391
0.281919
-3.874960
5.954767
-0.813936
2.274830
-1.941772
3.241847
0.681920
1.442820
-2.438595
0.681920
-3.139467
1.528682
-2.401004
3.250097
-1.069332
3.356693
-4.677144
0.805638
-1.922568
4.168371
-2.095621
1.242870
-4.006045
-1.508866
-4.545245
2.370767
-3.066792
3.645315
-5.746019
4.210326
-2.441430
3.746162
-1.701317
0.846519
-2.647952
-0.170919
-9.448872
0.853909
-2.135795
0.164618
-3.445248
3.596884
-2.898124
2.024584
-4.918064
1.741590
-3.735748
2.274647
-3.247303
2.562821
-2.348049
2.681877
-2.582426
5.400007
-2.844462
2.422750
-1.479968
4.026543
-0.215040
4.644189
-1.608207
1.769698
-2.839088
1.795146
-2.829120
2.717523
-1.657235
4.065070
-4.073088
2.630926
-3.139416
3.879296
-2.360677
3.584076
-4.558793
2.459559
-7.433070
2.319950
0.117739
2.286854
-0.544167
2.637912
-2.537727
3.866605
-1.267499
1.032429
-1.960518
1.874698
-2.877227
3.155241
0.290657
1.993522
-2.010209
2.408505
-2.612660
5.492074
-4.997044
2.252640
-4.282416
2.288092
-0.447136
3.388144
-3.203672
3.162196
-2.213525
4.066041
-4.525470
1.596321
-7.299105
3.187354
-5.676041
1.566125
-4.112566
2.651029
0.681920
2.415912
-3.675172
4.482768
0.681920
3.146721
-0.802199
2.279398
-1.136029
6.557601
-1.585441
2.150334
-3.023151
1.100780
-0.992263
0.927899
-6.499672
1.480264
-1.332679
1.836215
-6.296300
