4.975379
-0.818732
1.395149
-4.457530
4.786448
-0.841396
6.157057
-3.403151
3.011868
-3.959846
3.885719
-0.735915
2.491636
-3.911903
7.542256
-1.998233
6.029001
0.533328
3.049204
-3.482206
1.624462
-1.519491
3.683096
-1.547496
5.377027
-3.608852
2.394187
-1.689047
7.722290
-0.858030
0.163626
-0.973051
0.736095
-3.664032
3.935312
-1.419897
4.620384
-1.354893
5.649096
-1.926532
2.662867
-2.799058
4.840093
-2.584631
4.549463
-2.843920
4.306056
-0.559582
2.148866
-3.266877
1.306057
-3.180254
4.080526
-3.079609
1.747884
-3.868137
1.797116
-1.368501
5.284434
-2.309136
3.185873
-2.063166
6.907996
-1.205387
3.425278
-0.873905
0.890040
-1.670788
0.125658
-2.955422
2.134626
-3.506451
2.550466
-1.753184
3.269012
-1.036703
1.076606
-1.199521
3.266159
-0.242753
1.975011
-0.465849
1.781196
-4.079750
0.677683
-3.699924
0.869398
0.533328
1.342915
-1.528194
1.495040
-1.129044
3.027751
-1.012158
1.008504
-0.287769
1.242838
-0.316930
3.562004
-0.565034
1.487621
-2.467608
0.926413
-2.309630
1.964000
-1.379333
3.692048
-3.369729
3.025542
-2.728886
1.235775
-0.956651
1.649072
-2.732793
1.961251
-2.142336
3.706464
-1.396410
3.242566
-2.266300
3.764426
-1.580904
3.157493
-2.039566
2.304720
-3.807790
1.009582
-0.813486
1.062240
-5.124727
1.536320
-2.766809
1.580356
-2.136352
0.802941
-2.761973
0.940001
-2.199856
2.046216
-2.789058
0.700436
-2.955985
1.374343
-3.836924
8.381729
-0.660260
2.670492
-3.240034
2.540674
-2.887702
0.520143
-2.494480
1.147924
-1.429612
3.034250
-1.853172
2.221322
-1.474865
1.763358
-0.708775
2.088719
-2.736129
2.050032
-2.034183
3.231313
-2.110106
3.824342
-2.129698
2.306304
-0.242439
5.119979
-2.568589
1.265271
-2.946197
2.358760
-1.808728
1.224450
0.533328
1.751119
-3.430497
2.526369
-2.005935
-0.331373
-2.225775
4.342972
-1.139918
4.015805
-1.885740
2.272539
-1.453995
3.053748
-3.432753
1.009447
-1.486771
2.441276
-0.755084
3.134181
-1.923913
2.351331
-3.705704
4.580924
-2.196317
3.397113
-4.957207
3.039023
-2.508559
3.305806
-2.622488
1.606928
-1.030163
4.947247
-3.407857
0.857280
-1.889457
-0.361100
-1.659305
0.298013
-4.258310
3.524038
-2.182058
1.328363
-0.828693
2.990187
-3.686121
5.602276
-1.881161
1.654475
0.430566
1.013403
-4.651423
3.239859
-3.898595
3.318938
-8.422944
1.390925
-4.241673
0.715423
-2.760572
1.686740
-2.391599
4.104488
-3.476907
0.636673
-0.362451
2.195770
-3.375479
3.804720
-1.611295
3.471956
-1.073069
0.553017
-2.123774
3.201678
-2.527624
1.482922
-3.763599
2.516745
-2.649282
2.580882
-2.247036
0.936364
-1.823333
2.208170
-2.250088
3.154927
-1.767381
2.326334
-2.335095
-0.480312
-2.971733
0.915941
-3.242280
3.574873
-1.108549
4.063515
-7.247218
3.677753
-3.271278
3.670512
-2.367911
3.929549
-1.974166
0.325284
-3.970283
1.211305
-1.111273
0.520654
-1.277889
0.849817
-2.031648
2.664601
-4.109681
0.428695
-3.862734
4.154256
-0.239763
3.027109
-3.581331
1.259982
-1.752042
3.203187
-3.564029
2.376734
-1.415935
2.244586
-4.984893
2.909291
-5.214137
3.957456
-4.113634
1.776580
-3.359917
3.840313
-2.421128
2.702765
-1.822207
2.600533
-2.901925
1.650020
-0.715176
1.306057
-5.050210
4.366452
-1.575971
1.059443
-3.070515
0.799601
-6.311867
1.091468
-1.335775
2.446611
-2.046132
2.559565
-1.489338
3.966855
-3.640566
0.575839
-1.708982
4.135660
-6.575807
3.751650
-1.499764
0.661968
-2.034656
1.958941
-2.787356
3.043269
-1.390347
0.560320
-1.347067
3.204194
-4.328952
2.017742
-1.693964
1.845062
-0.890529
1.748191
-1.616267
1.291659
-0.413323
4.299048
-3.812593
3.724622
-5.995191
0.533328
-4.155514
1.289770
-4.339750
1.085372
-1.128547
2.037916
-1.466504
2.114066
-2.987128
3.117089
-3.899018
3.093646
-3.816561
1.134586
-0.562792
2.100581
-2.565834
0.372839
-3.055392
4.925560
-0.787129
1.728791
-1.620824
2.963926
0.533328
1.379197
-1.817051
0.533328
-3.049567
1.459303
-2.114806
3.146162
-1.089255
3.599864
-4.052625
0.609082
-2.190178
2.990752
-2.284551
1.306796
-3.227506
-1.085202
-4.472096
2.643827
-2.356515
3.592553
-4.490761
4.253297
-3.019274
3.756333
-0.906797
1.014955
-2.438248
-0.577551
-8.780975
0.494457
-2.217671
0.050990
-2.994986
2.870114
-2.223243
1.825844
-4.007325
2.143968
-3.293013
2.942524
-3.265165
1.753051
-2.732342
3.138822
-2.055470
5.510227
-2.112850
2.349428
-1.205198
4.176037
0.005380
5.001214
-1.724902
1.314234
-2.477895
1.315405
-2.709618
2.137326
-1.289068
2.932992
-3.585051
2.261880
-2.374353
4.149667
-2.258329
2.868855
-4.251668
2.519522
-7.285687
2.171813
0.271614
1.990479
-0.487784
2.337159
-1.911897
3.841951
-0.735763
0.764780
-1.989406
2.034677
-1.812280
2.271939
0.565709
1.940126
-1.467750
2.124207
-2.576061
4.724124
-4.013577
1.927644
-3.335806
2.038231
-0.561033
2.926118
-2.228088
2.547790
-1.918297
3.353923
-4.311671
1.579299
-6.982820
3.120278
-4.355469
1.503352
-3.489872
2.372998
0.533328
2.079387
-2.868794
4.598832
0.533328
2.788751
-0.552482
1.947111
-1.156349
5.961236
-1.417678
2.448244
-2.608171
1.160015
-0.719935
0.524160
-5.614449
1.107693
-1.048606
2.230742
-4.779511
